Sensor Model:	-------
Serial Number:	-------
Data Format:	4	(Log Ohms/Kelvin)
SetPoint Limit:	315	(Kelvin)
Temperature coefficient:  ---------
Number of Breakpoints:	69

No.	Units	Temperature (K)

1 4.259178327 315
2 4.274225818 310
3 4.305249936 300
4 4.337250919 290
5 4.370819917 280
6 4.405683890 270
7 4.442725458 260
8 4.480855595 250
9 4.520769972 240
10 4.562434907 230
11 4.606094215 220
12 4.651745448 210
13 4.699826195 200
14 4.750295368 190
15 4.803653899 180
16 4.859963694 170
17 4.919379392 160
18 4.982611323 150
19 5.049812207 140
20 5.121793504 130
21 5.198660917 120
22 5.281667420 110
23 5.372161162 100
24 5.420292106 95
25 5.470934098 90
26 5.524157352 85
27 5.580467041 80
28 5.640064057 75
29 5.703492171 70
30 5.771354277 65
31 5.844370799 60
32 5.923454897 55
33 6.009814386 50
34 6.105013843 45
35 6.211471173 40
36 6.331223085 35
37 6.468328881 30
38 6.630475784 25
39 6.827276352 20
40 7.085349606 15
41 7.463376808 10
42 7.566411249 9
43 7.686044260 8
44 7.824934519 7
45 7.994743089 6
46 8.204027454 5
47 8.486040831 4.0
48 8.520367956 3.9
49 8.554343531 3.8
50 8.591396567 3.7
51 8.627293270 3.6
52 8.670245315 3.5
53 8.707788122 3.4
54 8.754154610 3.3
55 8.798251509 3.2
56 8.846311488 3.1
57 8.895728345 3.0
58 8.949013289 2.9
59 9.003051299 2.8
60 9.062174809 2.7
61 9.121995677 2.6
62 9.189598540 2.5
63 9.257842305 2.4
64 9.335330964 2.3
65 9.411817707 2.2
66 9.501972713 2.1
67 9.588220265 2.0
68 9.692873923 1.9
69 9.794766185 1.8
