Sensor Model:	-------
Serial Number:	-------
Data Format:	4	(Log Ohms/Kelvin)
SetPoint Limit:	315	(Kelvin)
Temperature coefficient:  ---------
Number of Breakpoints:	69

No.	Units	Temperature (K)

1 3.406552662 315
2 3.415150828 310
3 3.432765204 300
4 3.451103448 290
5 3.470306146 280
6 3.490306158 270
7 3.511262584 260
8 3.533118597 250
9 3.555987859 240
10 3.579847675 230
11 3.604886972 220
12 3.631103834 210
13 3.658540611 200
14 3.687386865 190
15 3.717634655 180
16 3.749475840 170
17 3.782986212 160
18 3.818350741 150
19 3.855744934 140
20 3.895399825 130
21 3.937504717 120
22 3.982492705 110
23 4.030867490 100
24 4.056414100 95
25 4.083082287 90
26 4.110916060 85
27 4.140101263 80
28 4.170759243 75
29 4.203067231 70
30 4.237251263 65
31 4.273577280 60
32 4.312350312 55
33 4.353995905 50
34 4.398963447 45
35 4.448088835 40
36 4.501858135 35
37 4.561461997 30
38 4.629542347 25
39 4.709517116 20
40 4.811537403 15
41 4.958752548 10
42 4.998778620 9
43 5.045107580 8
44 5.098843693 7
45 5.163972054 6
46 5.243658031 5
47 5.349502369 4.0
48 5.362207687 3.9
49 5.374747506 3.8
50 5.388376793 3.7
51 5.401390296 3.6
52 5.417245786 3.5
53 5.430706747 3.4
54 5.447613777 3.3
55 5.463510843 3.2
56 5.480828912 3.1
57 5.498477959 3.0
58 5.517358459 2.9
59 5.536475523 2.8
60 5.557093469 2.7
61 5.577865070 2.6
62 5.601562701 2.5
63 5.624980087 2.4
64 5.651326700 2.3
65 5.677000427 2.2
66 5.706566114 2.1
67 5.735212565 2.0
68 5.769395418 1.9
69 5.801811213 1.8
