T_B[K] T_C[K] T_D[K] Setpoint_B[K] Setpoint_C[K] Setpoint_D[K] Sensor_B[Ohm] Sensor_C[Ohm] Sensor_D[Ohm] CNT yyyy-mm-dd hh:mm:ss
4.01882000 0.00000000 0.00000000 4.00000000 0.00000000 0.00000000 2574.2100000000 4815.8600000000 210.0260000000 1 2024-01-10 20:06:56
4.08100000 0.00000000 0.00000000 4.10000000 0.00000000 0.00000000 2530.4120000000 4721.4000000000 208.4794000000 2 2024-01-10 20:08:37
4.18540000 0.00000000 0.00000000 4.20000000 0.00000000 0.00000000 2458.5440000000 4566.7600000000 205.9048000000 3 2024-01-10 20:09:52
4.28798000 0.00000000 0.00000000 4.30000000 0.00000000 0.00000000 2395.3280000000 4430.9200000000 203.5958000000 4 2024-01-10 20:10:52
4.39314000 0.00000000 0.00000000 4.40000000 0.00000000 0.00000000 2334.1400000000 4299.8600000000 201.3230000000 5 2024-01-10 20:11:51
4.49164000 0.00000000 0.00000000 4.50000000 0.00000000 0.00000000 2278.2520000000 4180.6200000000 199.2070000000 6 2024-01-10 20:12:44
4.59350000 0.00000000 0.00000000 4.60000000 0.00000000 0.00000000 2221.8520000000 4060.5600000000 197.0398000000 7 2024-01-10 20:13:35
4.69428000 0.00000000 0.00000000 4.70000000 0.00000000 0.00000000 2168.1660000000 3946.4800000000 194.9382000000 8 2024-01-10 20:14:27
4.79582000 0.00000000 0.00000000 4.80000000 0.00000000 0.00000000 2121.6620000000 3850.0000000000 193.1246000000 9 2024-01-10 20:15:17
4.89648000 0.00000000 0.00000000 4.90000000 0.00000000 0.00000000 2076.4860000000 3752.7400000000 191.2682000000 10 2024-01-10 20:16:07
4.99836000 0.00000000 0.00000000 5.00000000 0.00000000 0.00000000 2031.7720000000 3658.7000000000 189.4398000000 11 2024-01-10 20:16:56
5.49544000 0.00000000 0.00000000 5.50000000 0.00000000 0.00000000 1846.2240000000 3272.3600000000 181.5686000000 12 2024-01-10 20:18:26
5.99984000 0.00000000 0.00000000 6.00000000 0.00000000 0.00000000 1697.3640000000 2965.4000000000 174.8592000000 13 2024-01-10 20:19:49
6.49692000 0.00000000 0.00000000 6.50000000 0.00000000 0.00000000 1573.5520000000 2712.6800000000 168.9798000000 14 2024-01-10 20:21:11
6.99698000 0.00000000 0.00000000 7.00000000 0.00000000 0.00000000 1470.0100000000 2504.9200000000 163.8682000000 15 2024-01-10 20:22:27
7.50174000 0.00000000 0.00000000 7.50000000 0.00000000 0.00000000 1382.7800000000 2329.0300000000 159.3480000000 16 2024-01-10 20:23:42
7.99614000 0.00000000 0.00000000 8.00000000 0.00000000 0.00000000 1306.6080000000 2178.2700000000 155.2740000000 17 2024-01-10 20:24:51
8.50218000 0.00000000 0.00000000 8.50000000 0.00000000 0.00000000 1239.7780000000 2047.3480000000 151.5886000000 18 2024-01-10 20:26:06
9.00274000 0.00000000 0.00000000 9.00000000 0.00000000 0.00000000 1181.0720000000 1932.0620000000 148.2218000000 19 2024-01-10 20:27:21
9.49626000 0.00000000 0.00000000 9.50000000 0.00000000 0.00000000 1129.7800000000 1833.0440000000 145.2244000000 20 2024-01-10 20:28:36
10.00102000 0.00000000 0.00000000 10.00000000 0.00000000 0.00000000 1082.9920000000 1743.1220000000 142.4158000000 21 2024-01-10 20:29:43
10.50090000 0.00000000 0.00000000 10.50000000 0.00000000 0.00000000 1040.8900000000 1662.7260000000 139.8254000000 22 2024-01-10 20:30:57
11.00510000 0.00000000 0.00000000 11.00000000 0.00000000 0.00000000 1002.7460000000 1590.3600000000 137.4288000000 23 2024-01-10 20:32:20
11.49972000 0.00000000 0.00000000 11.50000000 0.00000000 0.00000000 968.1680000000 1525.1860000000 135.2106000000 24 2024-01-10 20:33:30
11.99528000 0.00000000 0.00000000 12.00000000 0.00000000 0.00000000 936.7980000000 1466.5280000000 133.1628000000 25 2024-01-10 20:34:35
12.49578000 0.00000000 0.00000000 12.50000000 0.00000000 0.00000000 907.1720000000 1411.6520000000 131.1990000000 26 2024-01-10 20:35:40
13.00154000 0.00000000 0.00000000 13.00000000 0.00000000 0.00000000 879.8560000000 1360.7100000000 129.3312000000 27 2024-01-10 20:37:03
13.50002000 0.00000000 0.00000000 13.50000000 0.00000000 0.00000000 854.5660000000 1314.3360000000 127.5978000000 28 2024-01-10 20:38:17
13.99996000 0.00000000 0.00000000 14.00000000 0.00000000 0.00000000 831.1660000000 1271.4140000000 125.9540000000 29 2024-01-10 20:39:23
14.49606000 0.00000000 0.00000000 14.50000000 0.00000000 0.00000000 809.2820000000 1231.4200000000 124.3904000000 30 2024-01-10 20:40:31
14.99554000 0.00000000 0.00000000 15.00000000 0.00000000 0.00000000 788.7940000000 1194.7200000000 122.9254000000 31 2024-01-10 20:41:33
15.50112000 0.00000000 0.00000000 15.50000000 0.00000000 0.00000000 769.1900000000 1159.2640000000 121.4838000000 32 2024-01-10 20:42:56
16.00918000 0.00000000 0.00000000 16.00000000 0.00000000 0.00000000 750.6740000000 1126.0760000000 120.1040000000 33 2024-01-10 20:43:56
16.51112000 0.00000000 0.00000000 16.50000000 0.00000000 0.00000000 733.4200000000 1095.5740000000 118.8132000000 34 2024-01-10 20:44:56
17.02048000 0.00000000 0.00000000 17.00000000 0.00000000 0.00000000 716.7760000000 1065.8600000000 117.5340000000 35 2024-01-10 20:45:58
17.49812000 0.00000000 0.00000000 17.50000000 0.00000000 0.00000000 702.0600000000 1040.0760000000 116.4052000000 36 2024-01-10 20:46:57
18.01134000 0.00000000 0.00000000 18.00000000 0.00000000 0.00000000 686.8900000000 1013.3860000000 115.2138000000 37 2024-01-10 20:48:07
18.50818000 0.00000000 0.00000000 18.50000000 0.00000000 0.00000000 673.0720000000 989.5460000000 114.1306000000 38 2024-01-10 20:49:13
19.00660000 0.00000000 0.00000000 19.00000000 0.00000000 0.00000000 659.6940000000 966.0540000000 113.0428000000 39 2024-01-10 20:50:11
19.51094000 0.00000000 0.00000000 19.50000000 0.00000000 0.00000000 646.9160000000 944.0040000000 112.0104000000 40 2024-01-10 20:51:16
19.98288000 0.00000000 0.00000000 20.00000000 0.00000000 0.00000000 635.3020000000 924.0040000000 111.0520000000 41 2024-01-10 20:52:11
21.02510000 0.00000000 0.00000000 21.00000000 0.00000000 0.00000000 611.5400000000 883.3520000000 109.0700000000 42 2024-01-10 20:53:28
22.01738000 0.00000000 0.00000000 22.00000000 0.00000000 0.00000000 590.8780000000 848.2500000000 107.2966000000 43 2024-01-10 20:54:45
23.00982000 0.00000000 0.00000000 23.00000000 0.00000000 0.00000000 571.4240000000 815.7080000000 105.6056000000 44 2024-01-10 20:55:50
24.02542000 0.00000000 0.00000000 24.00000000 0.00000000 0.00000000 553.0500000000 785.0140000000 103.9630000000 45 2024-01-10 20:56:55
25.01108000 0.00000000 0.00000000 25.00000000 0.00000000 0.00000000 536.5040000000 757.6780000000 102.4564000000 46 2024-01-10 20:58:48
26.02672000 0.00000000 0.00000000 26.00000000 0.00000000 0.00000000 520.3760000000 731.1620000000 100.9544000000 47 2024-01-10 21:00:44
27.01822000 0.00000000 0.00000000 27.00000000 0.00000000 0.00000000 505.8200000000 707.4700000000 99.5766000000 48 2024-01-10 21:02:56
28.01984000 0.00000000 0.00000000 28.00000000 0.00000000 0.00000000 491.9120000000 684.9700000000 98.2348000000 49 2024-01-10 21:04:03
28.99692000 0.00000000 0.00000000 29.00000000 0.00000000 0.00000000 479.0580000000 664.1340000000 96.9570000000 50 2024-01-10 21:08:13
30.01872000 0.00000000 0.00000000 30.00000000 0.00000000 0.00000000 466.5500000000 644.1540000000 95.7026000000 51 2024-01-10 21:11:10
31.00618000 0.00000000 0.00000000 31.00000000 0.00000000 0.00000000 454.9040000000 625.6760000000 94.5140000000 52 2024-01-10 21:14:29
32.01602000 0.00000000 0.00000000 32.00000000 0.00000000 0.00000000 443.8500000000 608.2700000000 93.3700000000 53 2024-01-10 21:17:33
33.01898000 0.00000000 0.00000000 33.00000000 0.00000000 0.00000000 433.1500000000 591.5080000000 92.2412000000 54 2024-01-10 21:20:36
34.02036000 0.00000000 0.00000000 34.00000000 0.00000000 0.00000000 423.4020000000 576.3260000000 91.1976000000 55 2024-01-10 21:24:07
35.01270000 0.00000000 0.00000000 35.00000000 0.00000000 0.00000000 413.9620000000 561.7000000000 90.1706000000 56 2024-01-10 21:27:28
36.01292000 0.00000000 0.00000000 36.00000000 0.00000000 0.00000000 404.6640000000 547.3440000000 89.1418000000 57 2024-01-10 21:30:37
37.01068000 0.00000000 0.00000000 37.00000000 0.00000000 0.00000000 396.2300000000 534.4320000000 88.1962000000 58 2024-01-10 21:33:59
38.00044000 0.00000000 0.00000000 38.00000000 0.00000000 0.00000000 388.0420000000 521.9440000000 87.2674000000 59 2024-01-10 21:37:05
39.01900000 0.00000000 0.00000000 39.00000000 0.00000000 0.00000000 379.7960000000 509.4060000000 86.3130000000 60 2024-01-10 21:40:30
40.00298000 0.00000000 0.00000000 40.00000000 0.00000000 0.00000000 372.5100000000 498.4120000000 85.4612000000 61 2024-01-10 21:44:00
41.01130000 0.00000000 0.00000000 41.00000000 0.00000000 0.00000000 365.1900000000 487.3900000000 84.5942000000 62 2024-01-10 21:46:30
42.00960000 0.00000000 0.00000000 42.00000000 0.00000000 0.00000000 358.0900000000 476.7220000000 83.7406000000 63 2024-01-10 21:50:01
43.00942000 0.00000000 0.00000000 43.00000000 0.00000000 0.00000000 351.5300000000 466.9400000000 82.9408000000 64 2024-01-10 21:53:51
44.01646000 0.00000000 0.00000000 44.00000000 0.00000000 0.00000000 345.0500000000 457.3060000000 82.1432000000 65 2024-01-10 21:56:56
44.99688000 0.00000000 0.00000000 45.00000000 0.00000000 0.00000000 338.8500000000 448.1260000000 81.3688000000 66 2024-01-10 22:00:48
46.00852000 0.00000000 0.00000000 46.00000000 0.00000000 0.00000000 332.9400000000 439.4060000000 80.6260000000 67 2024-01-10 22:04:17
47.00226000 0.00000000 0.00000000 47.00000000 0.00000000 0.00000000 327.2400000000 431.0140000000 79.8948000000 68 2024-01-10 22:08:02
48.01438000 0.00000000 0.00000000 48.00000000 0.00000000 0.00000000 321.5380000000 422.6500000000 79.1586000000 69 2024-01-10 22:11:55
49.01442000 0.00000000 0.00000000 49.00000000 0.00000000 0.00000000 316.2400000000 414.9300000000 78.4688000000 70 2024-01-10 22:15:37
50.01586000 0.00000000 0.00000000 50.00000000 0.00000000 0.00000000 311.0340000000 407.3320000000 77.7804000000 71 2024-01-10 22:19:14
51.01358000 0.00000000 0.00000000 51.00000000 0.00000000 0.00000000 306.2260000000 400.3600000000 77.1402000000 72 2024-01-10 22:22:48
52.00858000 0.00000000 0.00000000 52.00000000 0.00000000 0.00000000 301.5000000000 393.5280000000 76.5056000000 73 2024-01-10 22:26:12
53.00048000 0.00000000 0.00000000 53.00000000 0.00000000 0.00000000 296.8700000000 386.8380000000 75.8756000000 74 2024-01-10 22:30:08
54.01106000 0.00000000 0.00000000 54.00000000 0.00000000 0.00000000 292.2200000000 380.1480000000 75.2382000000 75 2024-01-10 22:34:07
55.00604000 0.00000000 0.00000000 55.00000000 0.00000000 0.00000000 287.7200000000 373.6880000000 74.6136000000 76 2024-01-10 22:38:03
56.01326000 0.00000000 0.00000000 56.00000000 0.00000000 0.00000000 283.5900000000 367.7680000000 74.0352000000 77 2024-01-10 22:41:55
57.01004000 0.00000000 0.00000000 57.00000000 0.00000000 0.00000000 279.5600000000 362.0060000000 73.4670000000 78 2024-01-10 22:45:35
58.01546000 0.00000000 0.00000000 58.00000000 0.00000000 0.00000000 275.5500000000 356.3100000000 72.8972000000 79 2024-01-10 22:49:21
59.01646000 0.00000000 0.00000000 59.00000000 0.00000000 0.00000000 271.6200000000 350.7320000000 72.3328000000 80 2024-01-10 22:52:49
60.01998000 0.00000000 0.00000000 60.00000000 0.00000000 0.00000000 267.7400000000 345.2040000000 71.7692000000 81 2024-01-10 22:56:34
61.01148000 0.00000000 0.00000000 61.00000000 0.00000000 0.00000000 264.2220000000 340.2360000000 71.2564000000 82 2024-01-10 23:00:11
62.01112000 0.00000000 0.00000000 62.00000000 0.00000000 0.00000000 260.7300000000 335.3100000000 70.7422000000 83 2024-01-10 23:03:43
63.00266000 0.00000000 0.00000000 63.00000000 0.00000000 0.00000000 257.3040000000 330.5000000000 70.2358000000 84 2024-01-10 23:07:49
64.00708000 0.00000000 0.00000000 64.00000000 0.00000000 0.00000000 253.8800000000 325.6840000000 69.7232000000 85 2024-01-10 23:11:32
65.02698000 0.00000000 0.00000000 65.00000000 0.00000000 0.00000000 250.4600000000 320.8960000000 69.2084000000 86 2024-01-10 23:15:06
66.00820000 0.00000000 0.00000000 66.00000000 0.00000000 0.00000000 247.4200000000 316.6460000000 68.7478000000 87 2024-01-10 23:18:37
67.01382000 0.00000000 0.00000000 67.00000000 0.00000000 0.00000000 244.3500000000 312.3460000000 68.2768000000 88 2024-01-10 23:22:08
68.01826000 0.00000000 0.00000000 68.00000000 0.00000000 0.00000000 241.3180000000 308.1140000000 67.8096000000 89 2024-01-10 23:25:51
69.01486000 0.00000000 0.00000000 69.00000000 0.00000000 0.00000000 238.3450000000 303.9960000000 67.3492000000 90 2024-01-10 23:29:30
70.01522000 0.00000000 0.00000000 70.00000000 0.00000000 0.00000000 235.4002000000 299.8980000000 66.8888000000 91 2024-01-10 23:32:58
71.01426000 0.00000000 0.00000000 71.00000000 0.00000000 0.00000000 232.6754000000 296.1080000000 66.4592000000 92 2024-01-10 23:36:55
72.00404000 0.00000000 0.00000000 72.00000000 0.00000000 0.00000000 230.0068000000 292.4140000000 66.0364000000 93 2024-01-10 23:40:25
73.01898000 0.00000000 0.00000000 73.00000000 0.00000000 0.00000000 227.3020000000 288.6660000000 65.6048000000 94 2024-01-10 23:43:59
74.01952000 0.00000000 0.00000000 74.00000000 0.00000000 0.00000000 224.6664000000 285.0220000000 65.1808000000 95 2024-01-10 23:47:31
75.01606000 0.00000000 0.00000000 75.00000000 0.00000000 0.00000000 222.0724000000 281.4520000000 64.7616000000 96 2024-01-10 23:51:19
76.01058000 0.00000000 0.00000000 76.00000000 0.00000000 0.00000000 219.6618000000 278.1300000000 64.3688000000 97 2024-01-10 23:54:40
77.01452000 0.00000000 0.00000000 77.00000000 0.00000000 0.00000000 217.2548000000 274.8200000000 63.9750000000 98 2024-01-10 23:58:03
78.01214000 0.00000000 0.00000000 78.00000000 0.00000000 0.00000000 214.8890000000 271.5720000000 63.5852000000 99 2024-01-11 00:01:39
78.99326000 0.00000000 0.00000000 79.00000000 0.00000000 0.00000000 212.5874000000 268.4300000000 63.2040000000 100 2024-01-11 00:05:13
80.01574000 0.00000000 0.00000000 80.00000000 0.00000000 0.00000000 210.2154000000 265.1700000000 62.8086000000 101 2024-01-11 00:08:37
81.02146000 0.00000000 0.00000000 81.00000000 0.00000000 0.00000000 208.0300000000 262.1820000000 62.4410000000 102 2024-01-11 00:12:08
82.01192000 0.00000000 0.00000000 82.00000000 0.00000000 0.00000000 205.9002000000 259.2740000000 62.0818000000 103 2024-01-11 00:15:35
83.00718000 0.00000000 0.00000000 83.00000000 0.00000000 0.00000000 203.7820000000 256.3880000000 61.7218000000 104 2024-01-11 00:19:05
84.00808000 0.00000000 0.00000000 84.00000000 0.00000000 0.00000000 201.6738000000 253.5120000000 61.3612000000 105 2024-01-11 00:22:41
85.01126000 0.00000000 0.00000000 85.00000000 0.00000000 0.00000000 199.5832000000 250.6780000000 61.0030000000 106 2024-01-11 00:26:02
86.00970000 0.00000000 0.00000000 86.00000000 0.00000000 0.00000000 197.6282000000 248.0140000000 60.6652000000 107 2024-01-11 00:29:26
87.00998000 0.00000000 0.00000000 87.00000000 0.00000000 0.00000000 195.6894000000 245.3820000000 60.3284000000 108 2024-01-11 00:32:46
88.01248000 0.00000000 0.00000000 88.00000000 0.00000000 0.00000000 193.7652000000 242.7780000000 59.9928000000 109 2024-01-11 00:36:05
89.00632000 0.00000000 0.00000000 89.00000000 0.00000000 0.00000000 191.8764000000 240.2296000000 59.6608000000 110 2024-01-11 00:39:25
90.00682000 0.00000000 0.00000000 90.00000000 0.00000000 0.00000000 189.9930000000 237.6882000000 59.3286000000 111 2024-01-11 00:42:41
91.00482000 0.00000000 0.00000000 91.00000000 0.00000000 0.00000000 188.2216000000 235.2938000000 59.0136000000 112 2024-01-11 00:46:02
92.01536000 0.00000000 0.00000000 92.00000000 0.00000000 0.00000000 186.4454000000 232.8946000000 58.6968000000 113 2024-01-11 00:49:25
93.00680000 0.00000000 0.00000000 93.00000000 0.00000000 0.00000000 184.7184000000 230.5714000000 58.3878000000 114 2024-01-11 00:52:45
94.00914000 0.00000000 0.00000000 94.00000000 0.00000000 0.00000000 182.9890000000 228.2436000000 58.0754000000 115 2024-01-11 00:56:00
94.99860000 0.00000000 0.00000000 95.00000000 0.00000000 0.00000000 181.2976000000 225.9728000000 57.7700000000 116 2024-01-11 00:59:13
96.01960000 0.00000000 0.00000000 96.00000000 0.00000000 0.00000000 179.6468000000 223.7502000000 57.4684000000 117 2024-01-11 01:02:33
97.00112000 0.00000000 0.00000000 97.00000000 0.00000000 0.00000000 178.0746000000 221.6472000000 57.1810000000 118 2024-01-11 01:05:47
97.98644000 0.00000000 0.00000000 98.00000000 0.00000000 0.00000000 176.5104000000 219.5532000000 56.8940000000 119 2024-01-11 01:09:08
98.99738000 0.00000000 0.00000000 99.00000000 0.00000000 0.00000000 174.9196000000 217.4204000000 56.6002000000 120 2024-01-11 01:12:21
100.00600000 0.00000000 0.00000000 100.00000000 0.00000000 0.00000000 173.3466000000 215.3152000000 56.3080000000 121 2024-01-11 01:15:30
104.99920000 0.00000000 0.00000000 105.00000000 0.00000000 0.00000000 166.2276000000 205.8374000000 54.9700000000 122 2024-01-11 01:19:28
110.02460000 0.00000000 0.00000000 110.00000000 0.00000000 0.00000000 159.3578000000 196.7152000000 53.6482000000 123 2024-01-11 01:26:44
115.01620000 0.00000000 0.00000000 115.00000000 0.00000000 0.00000000 153.3082000000 188.7188000000 52.4586000000 124 2024-01-11 01:34:17
120.02060000 0.00000000 0.00000000 120.00000000 0.00000000 0.00000000 147.4734000000 181.0522000000 51.2892000000 125 2024-01-11 01:40:33
125.01500000 0.00000000 0.00000000 125.00000000 0.00000000 0.00000000 142.2598000000 174.2202000000 50.2232000000 126 2024-01-11 01:47:03
130.01120000 0.00000000 0.00000000 130.00000000 0.00000000 0.00000000 137.2282000000 167.6514000000 49.1750000000 127 2024-01-11 01:54:46
135.00680000 0.00000000 0.00000000 135.00000000 0.00000000 0.00000000 132.6888000000 161.7474000000 48.2132000000 128 2024-01-11 02:01:23
140.02640000 0.00000000 0.00000000 140.00000000 0.00000000 0.00000000 128.2790000000 156.0294000000 47.2626000000 129 2024-01-11 02:07:47
145.02000000 0.00000000 0.00000000 145.00000000 0.00000000 0.00000000 124.2918000000 150.8774000000 46.3890000000 130 2024-01-11 02:14:15
150.02220000 0.00000000 0.00000000 150.00000000 0.00000000 0.00000000 120.4230000000 145.8880000000 45.5280000000 131 2024-01-11 02:20:38
155.01740000 0.00000000 0.00000000 155.00000000 0.00000000 0.00000000 116.8986000000 141.3636000000 44.7322000000 132 2024-01-11 02:26:58
160.01960000 0.00000000 0.00000000 160.00000000 0.00000000 0.00000000 113.4740000000 136.9702000000 43.9474000000 133 2024-01-11 02:33:11
165.00960000 0.00000000 0.00000000 165.00000000 0.00000000 0.00000000 110.3332000000 132.9536000000 43.2186000000 134 2024-01-11 02:39:32
170.01220000 0.00000000 0.00000000 170.00000000 0.00000000 0.00000000 107.2726000000 129.0512000000 42.4988000000 135 2024-01-11 02:45:48
175.01860000 0.00000000 0.00000000 175.00000000 0.00000000 0.00000000 104.4530000000 125.4608000000 41.8276000000 136 2024-01-11 02:53:17
180.01200000 0.00000000 0.00000000 180.00000000 0.00000000 0.00000000 101.7158000000 121.9862000000 41.1672000000 137 2024-01-11 02:59:31
185.01460000 0.00000000 0.00000000 185.00000000 0.00000000 0.00000000 99.1820000000 118.7766000000 40.5488000000 138 2024-01-11 03:05:43
190.01580000 0.00000000 0.00000000 190.00000000 0.00000000 0.00000000 96.7130000000 115.6578000000 39.9406000000 139 2024-01-11 03:11:48
195.02400000 0.00000000 0.00000000 195.00000000 0.00000000 0.00000000 94.4136000000 112.7582000000 39.3672000000 140 2024-01-11 03:17:58
200.00460000 0.00000000 0.00000000 200.00000000 0.00000000 0.00000000 92.1822000000 109.9464000000 38.8048000000 141 2024-01-11 03:24:01
205.01820000 0.00000000 0.00000000 205.00000000 0.00000000 0.00000000 90.0966000000 107.3266000000 38.2746000000 142 2024-01-11 03:29:58
210.00640000 0.00000000 0.00000000 210.00000000 0.00000000 0.00000000 88.0698000000 104.7858000000 37.7540000000 143 2024-01-11 03:35:54
215.00520000 0.00000000 0.00000000 215.00000000 0.00000000 0.00000000 86.1724000000 102.4084000000 37.2622000000 144 2024-01-11 03:41:46
219.99920000 0.00000000 0.00000000 220.00000000 0.00000000 0.00000000 84.3190000000 100.0928000000 36.7776000000 145 2024-01-11 03:47:38
225.00220000 0.00000000 0.00000000 225.00000000 0.00000000 0.00000000 82.5832000000 97.9274000000 36.3198000000 146 2024-01-11 03:53:30
229.99620000 0.00000000 0.00000000 230.00000000 0.00000000 0.00000000 80.8876000000 95.8180000000 35.8684000000 147 2024-01-11 03:59:21
234.98620000 0.00000000 0.00000000 235.00000000 0.00000000 0.00000000 79.3000000000 93.8486000000 35.4440000000 148 2024-01-11 04:05:03
239.99500000 0.00000000 0.00000000 240.00000000 0.00000000 0.00000000 77.7390000000 91.9082000000 35.0228000000 149 2024-01-11 04:10:46
245.00180000 0.00000000 0.00000000 245.00000000 0.00000000 0.00000000 76.2720000000 90.0896000000 34.6242000000 150 2024-01-11 04:16:29
249.99400000 0.00000000 0.00000000 250.00000000 0.00000000 0.00000000 74.8386000000 88.3122000000 34.2310000000 151 2024-01-11 04:22:10
254.99400000 0.00000000 0.00000000 255.00000000 0.00000000 0.00000000 73.4880000000 86.6440000000 33.8582000000 152 2024-01-11 04:27:50
259.99320000 0.00000000 0.00000000 260.00000000 0.00000000 0.00000000 72.1640000000 85.0084000000 33.4910000000 153 2024-01-11 04:33:28
264.99680000 0.00000000 0.00000000 265.00000000 0.00000000 0.00000000 70.9140000000 83.4686000000 33.1420000000 154 2024-01-11 04:39:05
269.99580000 0.00000000 0.00000000 270.00000000 0.00000000 0.00000000 69.6880000000 81.9562000000 32.7974000000 155 2024-01-11 04:44:41
274.99140000 0.00000000 0.00000000 275.00000000 0.00000000 0.00000000 68.5330000000 80.5330000000 32.4700000000 156 2024-01-11 04:50:15
279.98740000 0.00000000 0.00000000 280.00000000 0.00000000 0.00000000 67.3990000000 79.1354000000 32.1480000000 157 2024-01-11 04:55:47
284.98860000 0.00000000 0.00000000 285.00000000 0.00000000 0.00000000 66.3240000000 77.8162000000 31.8410000000 158 2024-01-11 05:01:19
289.98420000 0.00000000 0.00000000 290.00000000 0.00000000 0.00000000 65.2686000000 76.5224000000 31.5370000000 159 2024-01-11 05:06:49
295.01040000 0.00000000 0.00000000 295.00000000 0.00000000 0.00000000 64.2640000000 75.2892000000 31.2466000000 160 2024-01-11 05:14:16
300.01300000 0.00000000 0.00000000 300.00000000 0.00000000 0.00000000 63.2810000000 74.0846000000 30.9614000000 161 2024-01-11 05:21:53
305.00920000 0.00000000 0.00000000 305.00000000 0.00000000 0.00000000 62.3500000000 72.9462000000 30.6900000000 162 2024-01-11 05:29:14
310.00360000 0.00000000 0.00000000 310.00000000 0.00000000 0.00000000 61.4340000000 71.8280000000 30.4212000000 163 2024-01-11 05:36:34
315.00940000 0.00000000 0.00000000 315.00000000 0.00000000 0.00000000 60.5510000000 70.7498000000 30.1606000000 164 2024-01-11 05:44:00
315.01520000 0.00000000 0.00000000 315.00000000 0.00000000 0.00000000 60.5500000000 70.7488000000 30.1612000000 1 2024-01-11 05:44:43
309.99720000 0.00000000 0.00000000 310.00000000 0.00000000 0.00000000 61.4352000000 71.8218000000 30.4218000000 2 2024-01-11 05:52:16
304.97100000 0.00000000 0.00000000 305.00000000 0.00000000 0.00000000 62.3570000000 72.9440000000 30.6914000000 3 2024-01-11 05:58:38
300.01560000 0.00000000 0.00000000 300.00000000 0.00000000 0.00000000 63.2808000000 74.0684000000 30.9604000000 4 2024-01-11 06:04:33
295.00460000 0.00000000 0.00000000 295.00000000 0.00000000 0.00000000 64.2650000000 75.2718000000 31.2466000000 5 2024-01-11 06:10:31
290.00320000 0.00000000 0.00000000 290.00000000 0.00000000 0.00000000 65.2646000000 76.4918000000 31.5348000000 6 2024-01-11 06:16:33
285.00320000 0.00000000 0.00000000 285.00000000 0.00000000 0.00000000 66.3210000000 77.7846000000 31.8384000000 7 2024-01-11 06:22:35
280.00340000 0.00000000 0.00000000 280.00000000 0.00000000 0.00000000 67.3950000000 79.1012000000 32.1462000000 8 2024-01-11 06:28:41
274.99660000 0.00000000 0.00000000 275.00000000 0.00000000 0.00000000 68.5320000000 80.4966000000 32.4690000000 9 2024-01-11 06:34:46
269.99980000 0.00000000 0.00000000 270.00000000 0.00000000 0.00000000 69.6870000000 81.9152000000 32.7960000000 10 2024-01-11 06:40:54
264.99980000 0.00000000 0.00000000 265.00000000 0.00000000 0.00000000 70.9130000000 83.4244000000 33.1402000000 11 2024-01-11 06:47:04
259.98900000 0.00000000 0.00000000 260.00000000 0.00000000 0.00000000 72.1650000000 84.9658000000 33.4906000000 12 2024-01-11 06:53:20
254.99820000 0.00000000 0.00000000 255.00000000 0.00000000 0.00000000 73.4870000000 86.5962000000 33.8570000000 13 2024-01-11 06:59:36
249.98700000 0.00000000 0.00000000 250.00000000 0.00000000 0.00000000 74.8406000000 88.2692000000 34.2304000000 14 2024-01-11 07:05:59
244.98600000 0.00000000 0.00000000 245.00000000 0.00000000 0.00000000 76.2768000000 90.0476000000 34.6236000000 15 2024-01-11 07:12:21
239.98900000 0.00000000 0.00000000 240.00000000 0.00000000 0.00000000 77.7408000000 91.8598000000 35.0218000000 16 2024-01-11 07:18:49
234.99480000 0.00000000 0.00000000 235.00000000 0.00000000 0.00000000 79.2970000000 93.7928000000 35.4420000000 17 2024-01-11 07:25:13
229.99020000 0.00000000 0.00000000 230.00000000 0.00000000 0.00000000 80.8900000000 95.7728000000 35.8688000000 18 2024-01-11 07:31:46
224.98400000 0.00000000 0.00000000 225.00000000 0.00000000 0.00000000 82.5900000000 97.8846000000 36.3210000000 19 2024-01-11 07:38:20
219.99420000 0.00000000 0.00000000 220.00000000 0.00000000 0.00000000 84.3210000000 100.0458000000 36.7770000000 20 2024-01-11 07:45:01
214.99440000 0.00000000 0.00000000 215.00000000 0.00000000 0.00000000 86.1764000000 102.3624000000 37.2618000000 21 2024-01-11 07:51:44
209.99000000 0.00000000 0.00000000 210.00000000 0.00000000 0.00000000 88.0760000000 104.7394000000 37.7552000000 22 2024-01-11 07:58:24
204.98220000 0.00000000 0.00000000 205.00000000 0.00000000 0.00000000 90.1112000000 107.2850000000 38.2758000000 23 2024-01-11 08:05:19
199.99040000 0.00000000 0.00000000 200.00000000 0.00000000 0.00000000 92.1884000000 109.8898000000 38.8044000000 24 2024-01-11 08:12:20
194.98620000 0.00000000 0.00000000 195.00000000 0.00000000 0.00000000 94.4304000000 112.7086000000 39.3684000000 25 2024-01-11 08:19:25
189.99140000 0.00000000 0.00000000 190.00000000 0.00000000 0.00000000 96.7250000000 115.5970000000 39.9402000000 26 2024-01-11 08:26:27
184.98200000 0.00000000 0.00000000 185.00000000 0.00000000 0.00000000 99.1978000000 118.7182000000 40.5494000000 27 2024-01-11 08:33:39
179.98760000 0.00000000 0.00000000 180.00000000 0.00000000 0.00000000 101.7290000000 121.9232000000 41.1666000000 28 2024-01-11 08:40:51
174.99940000 0.00000000 0.00000000 175.00000000 0.00000000 0.00000000 104.4640000000 125.3888000000 41.8258000000 29 2024-01-11 08:48:02
169.98640000 0.00000000 0.00000000 170.00000000 0.00000000 0.00000000 107.2882000000 128.9842000000 42.4988000000 30 2024-01-11 08:55:24
164.98120000 0.00000000 0.00000000 165.00000000 0.00000000 0.00000000 110.3510000000 132.8904000000 43.2186000000 31 2024-01-11 09:02:43
159.99500000 0.00000000 0.00000000 160.00000000 0.00000000 0.00000000 113.4904000000 136.9042000000 43.9470000000 32 2024-01-11 09:10:16
154.97660000 0.00000000 0.00000000 155.00000000 0.00000000 0.00000000 116.9274000000 141.3074000000 44.7344000000 33 2024-01-11 09:18:10
149.98440000 0.00000000 0.00000000 150.00000000 0.00000000 0.00000000 120.4514000000 145.8314000000 45.5298000000 34 2024-01-11 09:26:00
144.98960000 0.00000000 0.00000000 145.00000000 0.00000000 0.00000000 124.3158000000 150.8088000000 46.3890000000 35 2024-01-11 09:33:45
139.98720000 0.00000000 0.00000000 140.00000000 0.00000000 0.00000000 128.3128000000 155.9756000000 47.2644000000 36 2024-01-11 09:41:25
134.98940000 0.00000000 0.00000000 135.00000000 0.00000000 0.00000000 132.7040000000 161.6684000000 48.2100000000 37 2024-01-11 09:49:16
129.97340000 0.00000000 0.00000000 130.00000000 0.00000000 0.00000000 137.2658000000 167.5986000000 49.1774000000 38 2024-01-11 09:55:39
124.97240000 0.00000000 0.00000000 125.00000000 0.00000000 0.00000000 142.3030000000 174.1660000000 50.2254000000 39 2024-01-11 10:02:07
119.97800000 0.00000000 0.00000000 120.00000000 0.00000000 0.00000000 147.5222000000 181.0056000000 51.2918000000 40 2024-01-11 10:08:47
114.98180000 0.00000000 0.00000000 115.00000000 0.00000000 0.00000000 153.3490000000 188.6700000000 52.4600000000 41 2024-01-11 10:15:19
109.98160000 0.00000000 0.00000000 110.00000000 0.00000000 0.00000000 159.4154000000 196.6844000000 53.6524000000 42 2024-01-11 10:22:09
104.99760000 0.00000000 0.00000000 105.00000000 0.00000000 0.00000000 166.2300000000 205.7260000000 54.9624000000 43 2024-01-11 10:28:47
100.02200000 0.00000000 0.00000000 100.00000000 0.00000000 0.00000000 173.3232000000 215.1820000000 56.2964000000 44 2024-01-11 10:34:43
98.98432000 0.00000000 0.00000000 99.00000000 0.00000000 0.00000000 174.9400000000 217.3558000000 56.5950000000 45 2024-01-11 10:38:59
97.99996000 0.00000000 0.00000000 98.00000000 0.00000000 0.00000000 176.4892000000 219.4328000000 56.8802000000 46 2024-01-11 10:42:54
96.99128000 0.00000000 0.00000000 97.00000000 0.00000000 0.00000000 178.0904000000 221.5962000000 57.1778000000 47 2024-01-11 10:46:57
95.99406000 0.00000000 0.00000000 96.00000000 0.00000000 0.00000000 179.6878000000 223.7448000000 57.4704000000 48 2024-01-11 10:50:45
95.00218000 0.00000000 0.00000000 95.00000000 0.00000000 0.00000000 181.2916000000 225.9020000000 57.7618000000 49 2024-01-11 10:54:34
93.99350000 0.00000000 0.00000000 94.00000000 0.00000000 0.00000000 183.0162000000 228.2142000000 58.0688000000 50 2024-01-11 10:58:28
93.02564000 0.00000000 0.00000000 93.00000000 0.00000000 0.00000000 184.6860000000 230.4720000000 58.3750000000 51 2024-01-11 11:02:22
91.99278000 0.00000000 0.00000000 92.00000000 0.00000000 0.00000000 186.4848000000 232.8990000000 58.6982000000 52 2024-01-11 11:06:08
90.98652000 0.00000000 0.00000000 91.00000000 0.00000000 0.00000000 188.2542000000 235.2864000000 59.0138000000 53 2024-01-11 11:09:54
89.99182000 0.00000000 0.00000000 90.00000000 0.00000000 0.00000000 190.0216000000 237.6748000000 59.3274000000 54 2024-01-11 11:13:45
88.99346000 0.00000000 0.00000000 89.00000000 0.00000000 0.00000000 191.9010000000 240.2150000000 59.6584000000 55 2024-01-11 11:17:44
87.98080000 0.00000000 0.00000000 88.00000000 0.00000000 0.00000000 193.8254000000 242.8270000000 59.9970000000 56 2024-01-11 11:21:38
86.99230000 0.00000000 0.00000000 87.00000000 0.00000000 0.00000000 195.7238000000 245.3942000000 60.3284000000 57 2024-01-11 11:25:32
85.98376000 0.00000000 0.00000000 86.00000000 0.00000000 0.00000000 197.6790000000 248.0450000000 60.6678000000 58 2024-01-11 11:29:20
84.99540000 0.00000000 0.00000000 85.00000000 0.00000000 0.00000000 199.6154000000 250.6738000000 61.0024000000 59 2024-01-11 11:33:15
83.98478000 0.00000000 0.00000000 84.00000000 0.00000000 0.00000000 201.7224000000 253.5422000000 61.3638000000 60 2024-01-11 11:37:15
82.99030000 0.00000000 0.00000000 83.00000000 0.00000000 0.00000000 203.8178000000 256.3982000000 61.7224000000 61 2024-01-11 11:41:06
81.99754000 0.00000000 0.00000000 82.00000000 0.00000000 0.00000000 205.9310000000 259.2764000000 62.0802000000 62 2024-01-11 11:45:01
80.98904000 0.00000000 0.00000000 81.00000000 0.00000000 0.00000000 208.1000000000 262.2394000000 62.4472000000 63 2024-01-11 11:48:52
79.99408000 0.00000000 0.00000000 80.00000000 0.00000000 0.00000000 210.2652000000 265.2050000000 62.8094000000 64 2024-01-11 11:52:47
78.99084000 0.00000000 0.00000000 79.00000000 0.00000000 0.00000000 212.5928000000 268.3864000000 63.1986000000 65 2024-01-11 11:56:47
77.98496000 0.00000000 0.00000000 78.00000000 0.00000000 0.00000000 214.9530000000 271.6140000000 63.5900000000 66 2024-01-11 12:00:50
76.98992000 0.00000000 0.00000000 77.00000000 0.00000000 0.00000000 217.3136000000 274.8540000000 63.9790000000 67 2024-01-11 12:04:52
75.98918000 0.00000000 0.00000000 76.00000000 0.00000000 0.00000000 219.7130000000 278.1580000000 64.3724000000 68 2024-01-11 12:08:49
74.99148000 0.00000000 0.00000000 75.00000000 0.00000000 0.00000000 222.1356000000 281.4960000000 64.7662000000 69 2024-01-11 12:12:39
73.98618000 0.00000000 0.00000000 74.00000000 0.00000000 0.00000000 224.7538000000 285.0940000000 65.1890000000 70 2024-01-11 12:16:42
72.99664000 0.00000000 0.00000000 73.00000000 0.00000000 0.00000000 227.3608000000 288.6920000000 65.6074000000 71 2024-01-11 12:20:45
71.99462000 0.00000000 0.00000000 72.00000000 0.00000000 0.00000000 230.0318000000 292.3900000000 66.0340000000 72 2024-01-11 12:24:42
70.99328000 0.00000000 0.00000000 71.00000000 0.00000000 0.00000000 232.7320000000 296.1340000000 66.4616000000 73 2024-01-11 12:28:36
69.99482000 0.00000000 0.00000000 70.00000000 0.00000000 0.00000000 235.4592000000 299.9180000000 66.8920000000 74 2024-01-11 12:32:28
68.98522000 0.00000000 0.00000000 69.00000000 0.00000000 0.00000000 238.4330000000 304.0460000000 67.3562000000 75 2024-01-11 12:36:19
67.98924000 0.00000000 0.00000000 68.00000000 0.00000000 0.00000000 241.4038000000 308.1800000000 67.8170000000 76 2024-01-11 12:40:15
66.98928000 0.00000000 0.00000000 67.00000000 0.00000000 0.00000000 244.4236000000 312.3920000000 68.2826000000 77 2024-01-11 12:44:11
65.98812000 0.00000000 0.00000000 66.00000000 0.00000000 0.00000000 247.4850000000 316.6720000000 68.7504000000 78 2024-01-11 12:48:01
64.99012000 0.00000000 0.00000000 65.00000000 0.00000000 0.00000000 250.5788000000 321.0000000000 69.2206000000 79 2024-01-11 12:51:58
63.98684000 0.00000000 0.00000000 64.00000000 0.00000000 0.00000000 253.9520000000 325.7300000000 69.7288000000 80 2024-01-11 12:56:08
62.98832000 0.00000000 0.00000000 63.00000000 0.00000000 0.00000000 257.3542000000 330.5100000000 70.2372000000 81 2024-01-11 13:00:00
61.98794000 0.00000000 0.00000000 62.00000000 0.00000000 0.00000000 260.8084000000 335.3780000000 70.7500000000 82 2024-01-11 13:04:01
60.99320000 0.00000000 0.00000000 61.00000000 0.00000000 0.00000000 264.2890000000 340.2800000000 71.2618000000 83 2024-01-11 13:08:00
59.98800000 0.00000000 0.00000000 60.00000000 0.00000000 0.00000000 267.8574000000 345.3340000000 71.7832000000 84 2024-01-11 13:11:52
58.99150000 0.00000000 0.00000000 59.00000000 0.00000000 0.00000000 271.7200000000 350.8040000000 72.3422000000 85 2024-01-11 13:15:40
57.98556000 0.00000000 0.00000000 58.00000000 0.00000000 0.00000000 275.6700000000 356.4260000000 72.9098000000 86 2024-01-11 13:19:49
56.98968000 0.00000000 0.00000000 57.00000000 0.00000000 0.00000000 279.6400000000 362.0680000000 73.4742000000 87 2024-01-11 13:23:46
55.99526000 0.00000000 0.00000000 56.00000000 0.00000000 0.00000000 283.6600000000 367.8060000000 74.0402000000 88 2024-01-11 13:27:37
54.98780000 0.00000000 0.00000000 55.00000000 0.00000000 0.00000000 287.7980000000 373.7260000000 74.6198000000 89 2024-01-11 13:31:26
53.98398000 0.00000000 0.00000000 54.00000000 0.00000000 0.00000000 292.3400000000 380.2520000000 75.2492000000 90 2024-01-11 13:35:32
52.99226000 0.00000000 0.00000000 53.00000000 0.00000000 0.00000000 296.9100000000 386.8180000000 75.8754000000 91 2024-01-11 13:39:39
51.98024000 0.00000000 0.00000000 52.00000000 0.00000000 0.00000000 301.6360000000 393.6540000000 76.5178000000 92 2024-01-11 13:43:34
50.99022000 0.00000000 0.00000000 51.00000000 0.00000000 0.00000000 306.3400000000 400.4400000000 77.1506000000 93 2024-01-11 13:47:26
49.98904000 0.00000000 0.00000000 50.00000000 0.00000000 0.00000000 311.1700000000 407.4600000000 77.7944000000 94 2024-01-11 13:51:23
48.99212000 0.00000000 0.00000000 49.00000000 0.00000000 0.00000000 316.3600000000 415.0120000000 78.4778000000 95 2024-01-11 13:55:19
47.99212000 0.00000000 0.00000000 48.00000000 0.00000000 0.00000000 321.6600000000 422.7680000000 79.1700000000 96 2024-01-11 13:59:08
47.00616000 0.00000000 0.00000000 47.00000000 0.00000000 0.00000000 327.2200000000 430.9020000000 79.8878000000 97 2024-01-11 14:03:33
45.98634000 0.00000000 0.00000000 46.00000000 0.00000000 0.00000000 333.0700000000 439.5140000000 80.6344000000 98 2024-01-11 14:07:17
44.99090000 0.00000000 0.00000000 45.00000000 0.00000000 0.00000000 338.8900000000 448.0980000000 81.3684000000 99 2024-01-11 14:10:53
44.00354000 0.00000000 0.00000000 44.00000000 0.00000000 0.00000000 345.1300000000 457.3660000000 82.1494000000 100 2024-01-11 14:15:41
42.98532000 0.00000000 0.00000000 43.00000000 0.00000000 0.00000000 351.6900000000 467.1100000000 82.9576000000 101 2024-01-11 14:19:28
41.98906000 0.00000000 0.00000000 42.00000000 0.00000000 0.00000000 358.2300000000 476.8820000000 83.7530000000 102 2024-01-11 14:22:58
40.98388000 0.00000000 0.00000000 41.00000000 0.00000000 0.00000000 365.3900000000 487.6200000000 84.6144000000 103 2024-01-11 14:26:50
39.98076000 0.00000000 0.00000000 40.00000000 0.00000000 0.00000000 372.6720000000 498.5760000000 85.4780000000 104 2024-01-11 14:30:29
38.98616000 0.00000000 0.00000000 39.00000000 0.00000000 0.00000000 380.0500000000 509.7420000000 86.3420000000 105 2024-01-11 14:33:51
37.98552000 0.00000000 0.00000000 38.00000000 0.00000000 0.00000000 388.1600000000 522.0680000000 87.2778000000 106 2024-01-11 14:37:17
36.98342000 0.00000000 0.00000000 37.00000000 0.00000000 0.00000000 396.4600000000 534.7380000000 88.2220000000 107 2024-01-11 14:40:36
35.98440000 0.00000000 0.00000000 36.00000000 0.00000000 0.00000000 404.9200000000 547.7080000000 89.1708000000 108 2024-01-11 14:43:49
34.98630000 0.00000000 0.00000000 35.00000000 0.00000000 0.00000000 414.2100000000 561.9980000000 90.1996000000 109 2024-01-11 14:46:55
34.00992000 0.00000000 0.00000000 34.00000000 0.00000000 0.00000000 423.5020000000 576.3760000000 91.2076000000 110 2024-01-11 14:49:48
33.01302000 0.00000000 0.00000000 33.00000000 0.00000000 0.00000000 433.2060000000 591.4480000000 92.2440000000 111 2024-01-11 14:52:13
31.97792000 0.00000000 0.00000000 32.00000000 0.00000000 0.00000000 444.2600000000 608.8100000000 93.4114000000 112 2024-01-11 14:55:21
30.98892000 0.00000000 0.00000000 31.00000000 0.00000000 0.00000000 455.0960000000 625.9100000000 94.5368000000 113 2024-01-11 14:59:01
29.99108000 0.00000000 0.00000000 30.00000000 0.00000000 0.00000000 466.8820000000 644.5260000000 95.7332000000 114 2024-01-11 15:02:15
28.98040000 0.00000000 0.00000000 29.00000000 0.00000000 0.00000000 479.2700000000 664.3360000000 96.9750000000 115 2024-01-11 15:05:23
28.00874000 0.00000000 0.00000000 28.00000000 0.00000000 0.00000000 492.0620000000 684.9280000000 98.2378000000 116 2024-01-11 15:08:22
26.99504000 0.00000000 0.00000000 27.00000000 0.00000000 0.00000000 506.1560000000 707.7460000000 99.5992000000 117 2024-01-11 15:10:56
25.99434000 0.00000000 0.00000000 26.00000000 0.00000000 0.00000000 520.8600000000 731.5840000000 100.9884000000 118 2024-01-11 15:13:54
24.97380000 0.00000000 0.00000000 25.00000000 0.00000000 0.00000000 537.1080000000 758.2320000000 102.4926000000 119 2024-01-11 15:15:46
23.98242000 0.00000000 0.00000000 24.00000000 0.00000000 0.00000000 553.8180000000 785.9540000000 104.0202000000 120 2024-01-11 15:19:30
22.97156000 0.00000000 0.00000000 23.00000000 0.00000000 0.00000000 572.1320000000 816.5160000000 105.6540000000 121 2024-01-11 15:20:44
21.99792000 0.00000000 0.00000000 22.00000000 0.00000000 0.00000000 591.2780000000 848.5320000000 107.3202000000 122 2024-01-11 15:21:54
20.98606000 0.00000000 0.00000000 21.00000000 0.00000000 0.00000000 612.4100000000 884.4260000000 109.1286000000 123 2024-01-11 15:25:37
20.00088000 0.00000000 0.00000000 20.00000000 0.00000000 0.00000000 634.8580000000 922.6060000000 110.9958000000 124 2024-01-11 15:27:38
19.47162000 0.00000000 0.00000000 19.50000000 0.00000000 0.00000000 647.8940000000 945.2620000000 112.0790000000 125 2024-01-11 15:28:37
19.01076000 0.00000000 0.00000000 19.00000000 0.00000000 0.00000000 659.5920000000 965.6680000000 113.0392000000 126 2024-01-11 15:29:35
18.49018000 0.00000000 0.00000000 18.50000000 0.00000000 0.00000000 673.5580000000 989.6600000000 114.1436000000 127 2024-01-11 15:30:32
17.98460000 0.00000000 0.00000000 18.00000000 0.00000000 0.00000000 687.6780000000 1014.3800000000 115.2688000000 128 2024-01-11 15:31:34
17.47678000 0.00000000 0.00000000 17.50000000 0.00000000 0.00000000 702.7000000000 1040.8780000000 116.4490000000 129 2024-01-11 15:32:32
16.98916000 0.00000000 0.00000000 17.00000000 0.00000000 0.00000000 717.7980000000 1067.3060000000 117.6072000000 130 2024-01-11 15:33:34
16.49714000 0.00000000 0.00000000 16.50000000 0.00000000 0.00000000 733.8780000000 1095.6860000000 118.8302000000 131 2024-01-11 15:34:34
15.98732000 0.00000000 0.00000000 16.00000000 0.00000000 0.00000000 751.4660000000 1126.8640000000 120.1496000000 132 2024-01-11 15:35:31
15.49204000 0.00000000 0.00000000 15.50000000 0.00000000 0.00000000 769.5320000000 1159.5020000000 121.5002000000 133 2024-01-11 15:36:29
14.99602000 0.00000000 0.00000000 15.00000000 0.00000000 0.00000000 788.7840000000 1194.3480000000 122.9222000000 134 2024-01-11 15:37:30
14.49172000 0.00000000 0.00000000 14.50000000 0.00000000 0.00000000 809.4720000000 1231.6280000000 124.4108000000 135 2024-01-11 15:38:33
14.00482000 0.00000000 0.00000000 14.00000000 0.00000000 0.00000000 830.9480000000 1270.4680000000 125.9284000000 136 2024-01-11 15:39:36
13.49132000 0.00000000 0.00000000 13.50000000 0.00000000 0.00000000 854.9800000000 1314.4460000000 127.6124000000 137 2024-01-11 15:40:35
12.98838000 0.00000000 0.00000000 13.00000000 0.00000000 0.00000000 880.5580000000 1361.5960000000 129.3802000000 138 2024-01-11 15:41:46
12.49394000 0.00000000 0.00000000 12.50000000 0.00000000 0.00000000 907.2620000000 1410.5360000000 131.1724000000 139 2024-01-11 15:42:46
11.99288000 0.00000000 0.00000000 12.00000000 0.00000000 0.00000000 936.9500000000 1466.2060000000 133.1632000000 140 2024-01-11 15:43:47
11.49592000 0.00000000 0.00000000 11.50000000 0.00000000 0.00000000 968.4260000000 1525.5040000000 135.2330000000 141 2024-01-11 15:44:50
10.99940000 0.00000000 0.00000000 11.00000000 0.00000000 0.00000000 1003.1720000000 1590.3440000000 137.4390000000 142 2024-01-11 15:45:52
10.49672000 0.00000000 0.00000000 10.50000000 0.00000000 0.00000000 1041.2220000000 1662.7140000000 139.8402000000 143 2024-01-11 15:46:53
9.99744000 0.00000000 0.00000000 10.00000000 0.00000000 0.00000000 1083.3140000000 1742.7780000000 142.4166000000 144 2024-01-11 15:48:00
9.49468000 0.00000000 0.00000000 9.50000000 0.00000000 0.00000000 1129.9260000000 1832.0900000000 145.2056000000 145 2024-01-11 15:49:07
8.99812000 0.00000000 0.00000000 9.00000000 0.00000000 0.00000000 1181.6000000000 1932.2840000000 148.2390000000 146 2024-01-11 15:50:15
8.50412000 0.00000000 0.00000000 8.50000000 0.00000000 0.00000000 1239.5340000000 2045.2500000000 151.5412000000 147 2024-01-11 15:51:27
7.99408000 0.00000000 0.00000000 8.00000000 0.00000000 0.00000000 1306.9180000000 2177.9360000000 155.2780000000 148 2024-01-11 15:52:36
7.49474000 0.00000000 0.00000000 7.50000000 0.00000000 0.00000000 1383.8840000000 2329.9880000000 159.3844000000 149 2024-01-11 15:53:50
7.00202000 0.00000000 0.00000000 7.00000000 0.00000000 0.00000000 1468.9800000000 2499.7540000000 163.7738000000 150 2024-01-11 15:55:01
6.50476000 0.00000000 0.00000000 6.50000000 0.00000000 0.00000000 1571.8560000000 2707.7600000000 168.8762000000 151 2024-01-11 15:56:17
5.99876000 0.00000000 0.00000000 6.00000000 0.00000000 0.00000000 1697.6660000000 2964.8600000000 174.8644000000 152 2024-01-11 15:57:33
5.50168000 0.00000000 0.00000000 5.50000000 0.00000000 0.00000000 1844.0720000000 3266.7000000000 181.4674000000 153 2024-01-11 15:58:49
4.99676000 0.00000000 0.00000000 5.00000000 0.00000000 0.00000000 2032.4680000000 3658.8400000000 189.4654000000 154 2024-01-11 16:00:12
4.89158000 0.00000000 0.00000000 4.90000000 0.00000000 0.00000000 2078.6940000000 3757.5600000000 191.3790000000 155 2024-01-11 16:01:01
4.79746000 0.00000000 0.00000000 4.80000000 0.00000000 0.00000000 2120.8860000000 3845.0200000000 193.0512000000 156 2024-01-11 16:01:49
4.70142000 0.00000000 0.00000000 4.70000000 0.00000000 0.00000000 2164.8740000000 3938.8000000000 194.8148000000 157 2024-01-11 16:02:38
4.59980000 0.00000000 0.00000000 4.60000000 0.00000000 0.00000000 2218.4300000000 4053.0000000000 196.9196000000 158 2024-01-11 16:03:29
4.50484000 0.00000000 0.00000000 4.50000000 0.00000000 0.00000000 2270.8600000000 4163.4000000000 198.9200000000 159 2024-01-11 16:04:21
4.40608000 0.00000000 0.00000000 4.40000000 0.00000000 0.00000000 2326.7620000000 4283.3000000000 201.0520000000 160 2024-01-11 16:05:15
4.30428000 0.00000000 0.00000000 4.30000000 0.00000000 0.00000000 2385.7640000000 4409.7200000000 203.2534000000 161 2024-01-11 16:06:10
4.19950000 0.00000000 0.00000000 4.20000000 0.00000000 0.00000000 2448.9860000000 4544.5600000000 205.5514000000 162 2024-01-11 16:07:25
4.11270000 0.00000000 0.00000000 4.10000000 0.00000000 0.00000000 2508.3840000000 4673.4200000000 207.7018000000 163 2024-01-11 16:09:13
4.02668000 0.00000000 0.00000000 4.00000000 0.00000000 0.00000000 2568.6340000000 4803.5200000000 209.8096000000 164 2024-01-11 16:34:21
